288093 424716 
394094 277034 
251979 259592 
322111 483359
38938 53667
140807 119772
93196 224041
1 999999
298433 57740
413114 82089
191330 11354
10 10
204591 289786
79798 226494
1 9000
342821 152871
24723 203019
392562 210535
482903 137399
236995 257831
429338 280770
189508 114651
177296 164900
194828 485212
204092 152626
109418 213685
444555 492760
494195 460017
456912 126935
379896 215084
166529 33993
195809 54762
26196 195483
265870 68438
323543 27516
125414 351000
383115 295753
94639 417950
44692 231170
475110 141745
494259 201362
466790 448189
408144 382304
87938 84865
106614 115158
373781 35853
184565 110864
317799 432325
331420 115248
303213 166738
3518 217978
298568 240110
143901 461931
92539 192046
148050 192588
478065 49324
102914 412883
371066 272643
364685 257473
167618 69818
